%bai3
% Nguyễn Văn Dũng-B21DCVT146
A=[-2 3.5 2;0 1 -1.3;1.1 2 1.9];
B=[1 0 -1;-1.5 1.5 -3;1 1 1];
D=A*B;